[1] "**Lowland Tapir Models**"
                     nPars    AIC delta AICwt cumltvWt
AM_m.psiHFI.pEff         4 683.60  0.00 0.558     0.56
AM_m.psiTempmin.pEff     4 686.80  3.20 0.113     0.67
AM_m.psiRoad.pEff        4 687.00  3.40 0.102     0.77
AM_m.psiTempmax.pEff     4 687.23  3.63 0.091     0.86
AM_m.psi1.pEff           3 688.90  5.30 0.039     0.90
AM_m.psiPrecip.pEff      4 689.17  5.57 0.034     0.94
AM_m.psiElev.pEff        4 689.32  5.72 0.032     0.97
AM_m.psiNPP.pEff         4 690.77  7.18 0.015     0.99
AM_m.psiNDVI.pEff        4 690.84  7.25 0.015     1.00

**P and 𝜓**
[1] "AM_m.psi1.pEff"       "AM_m.psiElev.pEff"    "AM_m.psiHFI.pEff"     "AM_m.psiNDVI.pEff"    "AM_m.psiNPP.pEff"    
[6] "AM_m.psiPrecip.pEff"  "AM_m.psiRoad.pEff"    "AM_m.psiTempmax.pEff" "AM_m.psiTempmin.pEff"

[1] "AM_m.psi1.pEff"
[1] "𝜓=  NA"
[1] "p=  0.5487"

[1] "AM_m.psiElev.pEff"
[1] "𝜓=  0.5629"
[1] "p=  0.5487"

[1] "AM_m.psiHFI.pEff"
[1] "𝜓=  0.6831"
[1] "p=  0.5497"

[1] "AM_m.psiNDVI.pEff"
[1] "𝜓=  0.4869"
[1] "p=  0.5488"

[1] "AM_m.psiNPP.pEff"
[1] "𝜓=  0.5181"
[1] "p=  0.5488"

[1] "AM_m.psiPrecip.pEff"
[1] "𝜓=  0.4334"
[1] "p=  0.5488"

[1] "AM_m.psiRoad.pEff"
[1] "𝜓=  0.4018"
[1] "p=  0.5496"

[1] "AM_m.psiTempmax.pEff"
[1] "𝜓=  0.613"
[1] "p=  0.5493"

[1] "AM_m.psiTempmin.pEff"
[1] "𝜓=  0.4002"
[1] "p=  0.5494"


***Correlation Matrix***
                    Elev         HFI       Water     Forest         NPP      d.Road     d.River    EdgeDens   PatchDens
Elev          1.00000000  0.04077347  0.01727967 -0.1960472 -0.41697464 -0.79129414  0.16820653  0.33774154  0.18397288
HFI           0.04077347  1.00000000  0.44037487 -0.1724029 -0.10153022 -0.24726192  0.05151170  0.27846097  0.13334776
Water         0.01727967  0.44037487  1.00000000 -0.4503562 -0.06457822 -0.19103654 -0.03810482  0.42563759  0.46138173
Forest       -0.19604717 -0.17240293 -0.45035615  1.0000000  0.42360121  0.12860500  0.14250023 -0.44163327 -0.55855526
NPP          -0.41697464 -0.10153022 -0.06457822  0.4236012  1.00000000  0.09706233 -0.07833967 -0.34788243 -0.34893001
d.Road       -0.79129414 -0.24726192 -0.19103654  0.1286050  0.09706233  1.00000000 -0.12572524 -0.30678880 -0.14814107
d.River       0.16820653  0.05151170 -0.03810482  0.1425002 -0.07833967 -0.12572524  1.00000000 -0.22767635 -0.06646306
EdgeDens      0.33774154  0.27846097  0.42563759 -0.4416333 -0.34788243 -0.30678880 -0.22767635  1.00000000  0.64623651
PatchDens     0.18397288  0.13334776  0.46138173 -0.5585553 -0.34893001 -0.14814107 -0.06646306  0.64623651  1.00000000
DisjCore      0.20066876  0.26295428  0.49699583 -0.5636501 -0.29061069 -0.16654780 -0.12800164  0.68593137  0.62231383
NDVI          0.28041852 -0.30108578 -0.21102512  0.1568508 -0.10680679  0.03411037  0.06329085  0.08584103 -0.05326321
Avg.Max.Temp  0.64989338  0.41434481  0.17654188 -0.3895103 -0.63171921 -0.60284770  0.04211893  0.43316718  0.29629414
Avg.Min.Temp -0.86271645 -0.25372690 -0.18333677  0.2259927  0.25674038  0.96867683 -0.11395852 -0.36340630 -0.20052109
MAP          -0.97263893 -0.07907549 -0.10405555  0.2696441  0.39175920  0.84975301 -0.11236293 -0.40561074 -0.25132044
                  DisjCore          NDVI Avg.Max.Temp  Avg.Min.Temp         MAP
Elev          0.2006687565  0.2804185192   0.64989338 -0.8627164504 -0.97263893
HFI           0.2629542780 -0.3010857830   0.41434481 -0.2537269007 -0.07907549
Water         0.4969958253 -0.2110251191   0.17654188 -0.1833367735 -0.10405555
Forest       -0.5636501092  0.1568508392  -0.38951029  0.2259927083  0.26964408
NPP          -0.2906106917 -0.1068067940  -0.63171921  0.2567403850  0.39175920
d.Road       -0.1665478010  0.0341103687  -0.60284770  0.9686768268  0.84975301
d.River      -0.1280016360  0.0632908526   0.04211893 -0.1139585226 -0.11236293
EdgeDens      0.6859313730  0.0858410281   0.43316718 -0.3634062951 -0.40561074
PatchDens     0.6223138342 -0.0532632087   0.29629414 -0.2005210867 -0.25132044
DisjCore      1.0000000000  0.0004522235   0.32421349 -0.2239368457 -0.25907095
NDVI          0.0004522235  1.0000000000  -0.09284756 -0.0003227863 -0.24187126
Avg.Max.Temp  0.3242134891 -0.0928475614   1.00000000 -0.7305055240 -0.63171455
Avg.Min.Temp -0.2239368457 -0.0003227863  -0.73050552  1.0000000000  0.90203930
MAP          -0.2590709516 -0.2418712635  -0.63171455  0.9020392959  1.00000000
